                                                   The FREQ Procedure

Table of Education by wine

Education  |   300~600 |   600~900 |  900~1200 |      <300 |      Total
-----------+-----------+-----------+-----------+-----------+-----------
2n Cycle   |         0 |         0 |         0 |         3 |          3
           |      0.00 |      0.00 |      0.00 |      5.17 |       5.17
           |      0.00 |      0.00 |      0.00 |    100.00 |     100.00
           |      0.00 |      0.00 |      0.00 |      7.89 |       5.17
-----------+-----------+-----------+-----------+-----------+-----------
Basic      |         0 |         0 |         0 |         1 |          1
           |      0.00 |      0.00 |      0.00 |      1.72 |       1.72
           |      0.00 |      0.00 |      0.00 |    100.00 |     100.00
           |      0.00 |      0.00 |      0.00 |      2.63 |       1.72
-----------+-----------+-----------+-----------+-----------+-----------
Graduation |         5 |         1 |         0 |        21 |         27
           |      8.62 |      1.72 |      0.00 |     36.21 |      46.55
           |     18.52 |      3.70 |      0.00 |     77.78 |     100.00
           |     41.67 |     16.67 |      0.00 |     55.26 |      46.55
-----------+-----------+-----------+-----------+-----------+-----------
Master     |         3 |         1 |         1 |         7 |         12
           |      5.17 |      1.72 |      1.72 |     12.07 |      20.69
           |     25.00 |      8.33 |      8.33 |     58.33 |     100.00
           |     25.00 |     16.67 |     50.00 |     18.42 |      20.69
-----------+-----------+-----------+-----------+-----------+-----------
PhD        |         4 |         4 |         1 |         6 |         15
           |      6.90 |      6.90 |      1.72 |     10.34 |      25.86
           |     26.67 |     26.67 |      6.67 |     40.00 |     100.00
           |     33.33 |     66.67 |     50.00 |     15.79 |      25.86
-----------+-----------+-----------+-----------+-----------+-----------
Total      |        12 |         6 |         2 |        38 |         58


Table of Education by wine

Education  |   300~600 |   600~900 |  900~1200 |      <300 |      Total
-----------+-----------+-----------+-----------+-----------+-----------
2n Cycle   |         0 |         0 |         0 |         3 |          3
           |      0.00 |      0.00 |      0.00 |      5.17 |       5.17
           |      0.00 |      0.00 |      0.00 |    100.00 |     100.00
           |      0.00 |      0.00 |      0.00 |      7.89 |       5.17
-----------+-----------+-----------+-----------+-----------+-----------
Basic      |         0 |         0 |         0 |         1 |          1
           |      0.00 |      0.00 |      0.00 |      1.72 |       1.72
           |      0.00 |      0.00 |      0.00 |    100.00 |     100.00
           |      0.00 |      0.00 |      0.00 |      2.63 |       1.72
-----------+-----------+-----------+-----------+-----------+-----------
Graduation |         5 |         1 |         0 |        21 |         27
           |      8.62 |      1.72 |      0.00 |     36.21 |      46.55
           |     18.52 |      3.70 |      0.00 |     77.78 |     100.00
           |     41.67 |     16.67 |      0.00 |     55.26 |      46.55
-----------+-----------+-----------+-----------+-----------+-----------
Master     |         3 |         1 |         1 |         7 |         12
           |      5.17 |      1.72 |      1.72 |     12.07 |      20.69
           |     25.00 |      8.33 |      8.33 |     58.33 |     100.00
           |     25.00 |     16.67 |     50.00 |     18.42 |      20.69
-----------+-----------+-----------+-----------+-----------+-----------
PhD        |         4 |         4 |         1 |         6 |         15
           |      6.90 |      6.90 |      1.72 |     10.34 |      25.86
           |     26.67 |     26.67 |      6.67 |     40.00 |     100.00
           |     33.33 |     66.67 |     50.00 |     15.79 |      25.86
-----------+-----------+-----------+-----------+-----------+-----------
Total      |        12 |         6 |         2 |        38 |         58

Statistics for Table of Education by wine

Statistic                                DF  Value         Prob
--------------------------------------------------------------
Chi-Square                               12 12.0113       0.4448
Likelihood Ratio Chi-Square              12 13.2695       0.3498

Cramer's V                           0.2627
Contingency Coefficient              0.4142

WARNING: 80% of the cells have expected counts less than 5. Chi-Square may not be a valid test.

                                                   The FREQ Procedure

Table of Marital_Status by wine

Marital_Status |   300~600 |   600~900 |  900~1200 |      <300 |      Total
---------------+-----------+-----------+-----------+-----------+-----------
Divorced       |         2 |         0 |         0 |         5 |          7
               |      3.45 |      0.00 |      0.00 |      8.62 |      12.07
               |     28.57 |      0.00 |      0.00 |     71.43 |     100.00
               |     16.67 |      0.00 |      0.00 |     13.16 |      12.07
---------------+-----------+-----------+-----------+-----------+-----------
Married        |         4 |         5 |         1 |        13 |         23
               |      6.90 |      8.62 |      1.72 |     22.41 |      39.66
               |     17.39 |     21.74 |      4.35 |     56.52 |     100.00
               |     33.33 |     83.33 |     50.00 |     34.21 |      39.66
---------------+-----------+-----------+-----------+-----------+-----------
Single         |         4 |         1 |         1 |         9 |         15
               |      6.90 |      1.72 |      1.72 |     15.52 |      25.86
               |     26.67 |      6.67 |      6.67 |     60.00 |     100.00
               |     33.33 |     16.67 |     50.00 |     23.68 |      25.86
---------------+-----------+-----------+-----------+-----------+-----------
Together       |         2 |         0 |         0 |         9 |         11
               |      3.45 |      0.00 |      0.00 |     15.52 |      18.97
               |     18.18 |      0.00 |      0.00 |     81.82 |     100.00
               |     16.67 |      0.00 |      0.00 |     23.68 |      18.97
---------------+-----------+-----------+-----------+-----------+-----------
Widow          |         0 |         0 |         0 |         2 |          2
               |      0.00 |      0.00 |      0.00 |      3.45 |       3.45
               |      0.00 |      0.00 |      0.00 |    100.00 |     100.00
               |      0.00 |      0.00 |      0.00 |      5.26 |       3.45
---------------+-----------+-----------+-----------+-----------+-----------
Total          |        12 |         6 |         2 |        38 |         58


Table of Marital_Status by wine

Marital_Status |   300~600 |   600~900 |  900~1200 |      <300 |      Total
---------------+-----------+-----------+-----------+-----------+-----------
Divorced       |         2 |         0 |         0 |         5 |          7
               |      3.45 |      0.00 |      0.00 |      8.62 |      12.07
               |     28.57 |      0.00 |      0.00 |     71.43 |     100.00
               |     16.67 |      0.00 |      0.00 |     13.16 |      12.07
---------------+-----------+-----------+-----------+-----------+-----------
Married        |         4 |         5 |         1 |        13 |         23
               |      6.90 |      8.62 |      1.72 |     22.41 |      39.66
               |     17.39 |     21.74 |      4.35 |     56.52 |     100.00
               |     33.33 |     83.33 |     50.00 |     34.21 |      39.66
---------------+-----------+-----------+-----------+-----------+-----------
Single         |         4 |         1 |         1 |         9 |         15
               |      6.90 |      1.72 |      1.72 |     15.52 |      25.86
               |     26.67 |      6.67 |      6.67 |     60.00 |     100.00
               |     33.33 |     16.67 |     50.00 |     23.68 |      25.86
---------------+-----------+-----------+-----------+-----------+-----------
Together       |         2 |         0 |         0 |         9 |         11
               |      3.45 |      0.00 |      0.00 |     15.52 |      18.97
               |     18.18 |      0.00 |      0.00 |     81.82 |     100.00
               |     16.67 |      0.00 |      0.00 |     23.68 |      18.97
---------------+-----------+-----------+-----------+-----------+-----------
Widow          |         0 |         0 |         0 |         2 |          2
               |      0.00 |      0.00 |      0.00 |      3.45 |       3.45
               |      0.00 |      0.00 |      0.00 |    100.00 |     100.00
               |      0.00 |      0.00 |      0.00 |      5.26 |       3.45
---------------+-----------+-----------+-----------+-----------+-----------
Total          |        12 |         6 |         2 |        38 |         58

Statistics for Table of Marital_Status by wine

Statistic                                DF  Value         Prob
--------------------------------------------------------------
Chi-Square                               12 8.5835       0.7380
Likelihood Ratio Chi-Square              12 10.8761       0.5396

Cramer's V                           0.2221
Contingency Coefficient              0.3590

WARNING: 85% of the cells have expected counts less than 5. Chi-Square may not be a valid test.

                                                   The FREQ Procedure

Table of incomegp by wine

incomegp    |   300~600 |   600~900 |  900~1200 |      <300 |      Total
------------+-----------+-----------+-----------+-----------+-----------
30000~50000 |         3 |         0 |         0 |        18 |         21
            |      5.17 |      0.00 |      0.00 |     31.03 |      36.21
            |     14.29 |      0.00 |      0.00 |     85.71 |     100.00
            |     25.00 |      0.00 |      0.00 |     47.37 |      36.21
------------+-----------+-----------+-----------+-----------+-----------
50000~70000 |         5 |         3 |         0 |         7 |         15
            |      8.62 |      5.17 |      0.00 |     12.07 |      25.86
            |     33.33 |     20.00 |      0.00 |     46.67 |     100.00
            |     41.67 |     50.00 |      0.00 |     18.42 |      25.86
------------+-----------+-----------+-----------+-----------+-----------
<30000      |         0 |         0 |         0 |        12 |         12
            |      0.00 |      0.00 |      0.00 |     20.69 |      20.69
            |      0.00 |      0.00 |      0.00 |    100.00 |     100.00
            |      0.00 |      0.00 |      0.00 |     31.58 |      20.69
------------+-----------+-----------+-----------+-----------+-----------
>70000      |         4 |         3 |         2 |         1 |         10
            |      6.90 |      5.17 |      3.45 |      1.72 |      17.24
            |     40.00 |     30.00 |     20.00 |     10.00 |     100.00
            |     33.33 |     50.00 |    100.00 |      2.63 |      17.24
------------+-----------+-----------+-----------+-----------+-----------
Total       |        12 |         6 |         2 |        38 |         58


Table of incomegp by wine

incomegp    |   300~600 |   600~900 |  900~1200 |      <300 |      Total
------------+-----------+-----------+-----------+-----------+-----------
30000~50000 |         3 |         0 |         0 |        18 |         21
            |      5.17 |      0.00 |      0.00 |     31.03 |      36.21
            |     14.29 |      0.00 |      0.00 |     85.71 |     100.00
            |     25.00 |      0.00 |      0.00 |     47.37 |      36.21
------------+-----------+-----------+-----------+-----------+-----------
50000~70000 |         5 |         3 |         0 |         7 |         15
            |      8.62 |      5.17 |      0.00 |     12.07 |      25.86
            |     33.33 |     20.00 |      0.00 |     46.67 |     100.00
            |     41.67 |     50.00 |      0.00 |     18.42 |      25.86
------------+-----------+-----------+-----------+-----------+-----------
<30000      |         0 |         0 |         0 |        12 |         12
            |      0.00 |      0.00 |      0.00 |     20.69 |      20.69
            |      0.00 |      0.00 |      0.00 |    100.00 |     100.00
            |      0.00 |      0.00 |      0.00 |     31.58 |      20.69
------------+-----------+-----------+-----------+-----------+-----------
>70000      |         4 |         3 |         2 |         1 |         10
            |      6.90 |      5.17 |      3.45 |      1.72 |      17.24
            |     40.00 |     30.00 |     20.00 |     10.00 |     100.00
            |     33.33 |     50.00 |    100.00 |      2.63 |      17.24
------------+-----------+-----------+-----------+-----------+-----------
Total       |        12 |         6 |         2 |        38 |         58

Statistics for Table of incomegp by wine

Statistic                                DF  Value         Prob
--------------------------------------------------------------
Chi-Square                                9 32.9636       0.0001
Likelihood Ratio Chi-Square               9 36.5087       0.0000

Cramer's V                           0.4353
Contingency Coefficient              0.6020

WARNING: 75% of the cells have expected counts less than 5. Chi-Square may not be a valid test.

